376
8178 10
9401 81080 40436 45833 4923 53621 40020 50605 50677 96730 
5003 10
17526 31104 25332 83186 64002 29901 80586 22741 97303 76284 
54 16
67037 84312 25896 13920 66803 72890 42403 52778 1443 50638 97254 81349 16396 49211 24468 30585 
7862 11
67246 51312 24226 80707 56089 66736 78834 43963 2746 90271 97965 
9806 20
3034 7833 27565 5897 66069 66792 23799 91531 48636 63040 51194 25166 32539 75753 17347 90405 26491 45685 5999 49240 
5265 10
87710 89175 68284 78472 69990 48776 28968 62576 77151 23263 
1877 10
10327 10917 20303 62894 88428 24371 99188 27851 83220 24805 
7199 14
24487 45151 27031 63115 60924 74428 61915 68792 12935 62380 76608 38452 51920 14 
7108 15
54978 90784 99096 5157 7068 68338 52131 74552 6588 84838 48577 33285 12876 31126 17639 
5731 11
93771 32915 8135 80820 41295 20255 67876 64788 90736 70772 86939 
3762 11
61428 26579 22922 50833 68129 47825 81655 76719 39282 94456 11062 
7719 11
57356 38267 61121 54772 85654 75127 4244 93122 97224 62329 94946 
6847 12
48885 21656 1272 10242 48260 61374 30637 89984 35523 34226 12486 4527 
1265 15
43649 23903 16146 68475 74434 86827 6345 12384 40536 15495 63830 72999 24675 19613 62157 
8839 19
73517 93992 13780 11548 81713 62467 17418 61444 25692 80409 4964 15830 66404 30601 79479 48420 24954 25978 76776 
5840 11
12494 39061 70067 7708 27613 9233 8068 18131 15468 62095 7579 
1538 11
89539 52573 41813 68919 18017 28339 47429 42143 58325 26690 65580 
4343 10
98181 6854 2801 51840 27144 14267 30423 98499 63682 7638 
7436 11
60441 56562 74957 78204 72142 52041 87458 15286 25505 82794 97220 
2900 12
63775 64218 51805 28661 71673 15207 47321 5624 8159 314 21725 42158 
6196 10
43207 91079 44530 20989 37236 27731 30080 29026 93482 25940 
8454 11
95523 93451 96965 96329 40763 71938 86463 23672 42698 67245 18457 
1466 12
82007 48583 17274 97446 81197 5870 18454 40255 98255 13167 20079 91699 
9653 10
92205 28488 635 49136 68216 28441 81465 72267 78552 81220 
3659 11
90038 26962 34572 92167 93110 31524 10369 49798 39074 90912 81871 
333 20
14167 66077 85210 54340 26728 17375 65703 77281 16094 98009 629 56452 42018 2253 22979 83552 28898 66274 43130 56312 
4820 12
16363 44794 51353 47110 76438 23528 34392 41889 7553 98860 33462 59744 
645 13
84181 55001 98599 29121 18510 6448 19778 41048 3243 26267 47155 34872 35601 
6273 13
857 43226 75959 12488 97091 76040 62490 95368 12008 64713 60312 5951 12290 
6370 20
33734 88380 46583 427 32239 37690 34253 18097 91160 32566 94898 93870 93433 3501 84683 48312 43840 60385 40362 25601 
6352 18
42358 31336 45271 49638 61506 34590 27570 65044 40118 66726 43860 95531 23511 38972 64329 42176 77842 3993 
9689 14
52717 16618 25065 24717 82941 57232 92443 20901 99959 26460 41822 99017 52173 99039 
1551 19
57630 56068 37223 9404 57225 8504 4790 2684 97317 68416 88606 44066 60973 97265 34746 12481 51535 41567 21609 
5427 14
25335 48764 78939 92912 33340 16191 60495 95337 75811 28677 37203 70834 13678 96387 
69 13
61389 68154 51531 84681 86023 24952 65739 92147 5808 11810 61912 52387 35067 
9926 19
60582 88696 93284 90990 60362 71798 78372 83446 47992 61502 56215 85636 31119 84581 64989 28125 81947 96756 51440 
7389 18
88532 7893 19237 73191 77292 8061 57523 65733 24479 28797 96539 55750 43180 52922 6141 50251 18996 23459 
2469 10
60170 1645 27590 87765 57522 9735 97430 44522 67973 87022 
5506 14
67723 9605 63844 95066 5758 9584 24797 42260 22691 34040 53789 48638 61970 10964 
4072 14
49199 82737 24964 82192 45975 79313 66899 20136 40813 72640 79547 20232 68899 27998 
2664 19
52093 54995 84514 69525 70202 65434 57718 47150 73448 47589 80596 57976 96111 31295 73485 91693 60287 30059 39531 
6787 15
82924 36894 44132 42098 46980 1430 724 10664 72288 52415 15375 92747 22051 57263 79100 
7286 13
23338 67274 41921 28865 47835 60168 7920 48938 4175 86804 24956 61900 703 
6217 19
85806 11473 26532 45158 67029 3693 76904 69296 23486 31558 94618 24966 13626 42311 21660 12635 35640 39143 48716 
182 12
23714 68537 35894 39468 59234 60370 98462 84912 43591 49280 52557 32343 
2402 11
2946 92810 22988 35838 47570 12370 27663 26911 56326 17679 32211 
5049 15
78905 51405 9826 39947 8229 21640 80927 20003 68544 35489 87992 94864 70672 40847 14384 
6991 18
39427 36109 27179 49014 99384 40849 25107 81265 74367 1984 37168 27383 8839 64979 94663 71212 43937 18473 
2470 12
41551 1465 55965 63724 17111 84926 1537 76510 56202 90674 41697 39710 
3978 19
83202 79777 64383 38070 30858 97688 81877 16539 95845 63814 23535 92462 8031 64152 16469 14252 22060 37725 34379 
7528 12
15795 85303 24678 21498 39056 19125 25782 83738 43423 79022 19154 66101 
4340 10
28585 23084 77230 4100 70133 23713 76662 89191 85557 37518 
8699 14
20439 35493 83543 77220 3739 52881 63899 42657 49531 25028 36932 85865 4160 14269 
8455 10
74959 17187 57575 2216 50664 80505 38317 94429 64012 56557 
8804 10
72647 55625 20990 66397 20775 89755 23870 34362 6591 61840 
8810 17
62283 50072 68008 83559 26015 39970 50586 60525 36984 5961 78969 64484 4599 72054 88051 89320 75904 
2837 13
35309 91512 94003 67662 93926 70238 60348 50938 43769 50798 57761 99704 42141 
9931 10
33918 62769 77000 36482 99481 10131 77884 66129 98582 27343 
1023 14
9084 51587 94739 10828 85591 97098 27354 97587 89160 61112 83452 55186 43370 30515 
8714 13
35397 39779 23708 58611 88046 34585 73697 28059 74231 97448 6666 97043 82167 
9810 10
53684 72649 95564 4726 1912 53669 7955 33464 8905 93754 
9753 10
89041 97870 61271 52630 14807 25606 65193 35472 96919 19957 
127 17
10965 58210 94790 59620 38728 39249 20962 18172 9848 38323 57584 18764 77830 61255 53975 36716 11703 
3128 13
81527 67020 40186 96054 45531 36617 45471 50377 60198 67480 66658 88021 20388 
1193 11
91317 97978 35872 29164 77261 99169 260 90146 3827 68631 51114 
1161 11
41509 24904 17614 57095 31630 50715 45754 83258 35684 47289 6615 
4931 16
9495 9292 26018 75259 27586 12278 95764 72725 44215 45055 6031 61276 61486 44722 48175 2539 
7115 13
90158 19452 97567 81436 4575 17951 18436 94336 79612 27172 55395 6297 85480 
5177 17
65536 98745 39707 40377 87343 62448 97785 37729 12620 93683 40825 40640 55279 31518 35665 63765 28931 
7889 14
42688 60155 62823 6949 59941 57142 38700 29117 63813 38798 63094 62479 59696 93459 
5580 18
59124 56641 48851 87843 70417 51678 17189 80063 46759 17645 94222 41033 44945 56542 11071 34412 91608 74674 
3101 13
24305 6878 34435 77971 88803 24957 99413 60810 9716 72667 27359 67866 52834 
9404 13
7960 95816 46729 11865 91156 35453 7255 39069 79211 61003 99267 62796 53876 
6747 15
14417 66886 8712 3070 70248 97906 37196 82345 73079 2248 95303 95193 8920 89770 27440 
2949 16
60658 80943 17452 74685 80902 47351 91803 50117 33878 22926 21308 45797 28023 13431 85881 83245 
9997 12
72730 53944 69237 71992 59288 52051 63033 85584 47148 44061 28529 10870 
6172 17
45206 81833 62351 10349 46298 66353 15707 58372 52010 43648 69707 69088 86960 701 33705 43842 3427 
3343 13
73464 74154 16194 21426 98195 66894 55127 88575 51554 28409 91251 98592 40128 
4842 14
51183 1231 92665 78934 76119 58294 25224 65477 33208 97578 1211 9974 4365 52704 
5535 19
27133 92190 29923 21484 84034 80821 14533 35831 59886 12606 88704 32097 76655 93989 30527 69678 76195 42613 74819 
3109 10
89613 1094 84480 70931 5398 93747 52392 90908 50905 77712 
8204 11
40297 71347 2745 52786 57673 63473 52634 5903 9613 61657 20947 
6618 11
78488 45396 23316 96378 25153 5349 30485 54774 69228 43613 30986 
2437 10
24530 57738 15676 75084 14546 39800 87201 74328 36578 25095 
6740 16
63394 74090 99750 99465 66504 89032 90519 46893 20797 43216 50993 49474 39268 58144 60573 52884 
6187 15
39832 41167 54337 66181 58840 48563 88219 5440 80336 62771 17636 56575 83824 33791 77394 
7281 18
4425 53518 35664 83800 8971 33026 20628 12771 39968 64213 88047 87511 27077 15340 74003 3009 92440 26693 
9027 15
30917 80014 57018 65839 672 33279 66363 7339 7881 32154 87363 96865 58873 65327 16771 
1810 13
52268 22218 56448 81630 49608 22474 58584 6894 46217 17883 27382 59488 50161 
7040 20
61395 10448 63916 26840 81695 18632 20104 6429 68762 52031 40241 9114 51633 12011 19113 15896 95228 40704 36601 80914 
8687 18
35805 88030 56193 57094 23849 82021 6251 43713 16672 54190 73159 38470 12743 90065 23300 57826 261 44458 
5830 18
60649 78489 12702 23539 13259 72476 72903 38494 66515 78890 24291 6634 69900 66499 72095 48468 88894 19095 
467 14
25038 42442 90169 17219 6920 7393 63205 972 45616 44853 65499 44538 43879 19175 
453 14
78117 98701 1191 34782 15158 25645 59820 75764 78130 8560 29656 27249 50531 82256 
5500 10
43281 9536 80956 41751 36463 41031 10019 62401 37347 64847 
7501 12
93725 10795 81514 45109 32939 51808 45035 18882 80333 66535 38087 68722 
2508 12
92510 48357 88179 92124 89656 1316 25993 73503 63695 41036 11189 65240 
1900 18
2202 63098 78736 84127 92978 79683 95164 85919 39581 74098 44343 71537 23406 16673 50534 37072 5857 8321 
7397 10
18966 56974 2960 36607 73686 67102 89691 1270 2779 3362 
4959 19
66854 38669 8115 81043 90498 18060 63591 34997 69932 902 3267 84925 20512 33020 3639 49735 43890 4300 29723 
8491 13
4389 80719 82891 37428 5234 88268 42344 68262 20648 68583 77569 92674 21546 
3691 20
9338 66869 74413 79731 41646 2121 25828 10688 74814 6374 31459 27344 43392 20903 27638 72906 65137 97037 11485 14220 
2558 13
14330 62179 42438 16688 27474 75687 77779 33533 41537 35435 14721 35867 46249 
7569 15
98612 46664 19188 77541 32093 39255 80080 16217 96415 28781 18100 80384 45693 30400 3317 
3247 12
90099 18090 32734 93744 93240 81926 30501 22884 66506 94655 7233 65871 
7014 13
27710 68906 12455 2969 26898 4102 77456 1616 34404 58390 23476 81728 50234 
9084 16
52301 15079 3867 53570 44721 48948 59389 76536 7640 45016 43262 28672 91376 67758 98019 58395 
2488 20
10970 11578 49318 86957 39217 43431 11151 21214 90606 79222 98685 58967 99091 57234 34329 10424 67063 91644 34557 83667 
8040 16
63569 51641 73875 68189 56188 46839 89967 58420 67312 68973 68347 93939 5476 73252 4194 50559 
8097 13
49198 98838 96147 17297 28845 78482 95897 83659 44569 10954 98825 92386 12735 
3327 14
91558 56706 47152 70104 43911 85246 43851 27207 74246 90583 4612 23936 31096 42854 
2709 20
36546 24031 98491 80085 18216 45712 25044 38049 82438 7110 23723 90342 18647 39089 87374 336 34423 12126 26392 25871 
2031 13
49705 64615 79633 11724 44263 57980 51004 42156 57633 51238 55499 44863 59290 
966 17
74040 20379 15370 59592 64648 18952 65968 40690 52294 54415 53320 68523 42312 99123 6750 74347 61905 
6601 12
17231 51301 23397 72784 10989 96661 70705 54476 79351 49250 1255 22199 
6634 16
48981 86293 2045 95224 67365 10566 14480 20397 53104 11963 19258 20489 14221 76078 92692 73348 
701 13
96151 21645 65458 6831 23835 34574 40132 31964 84428 66096 34555 94979 37775 
998 19
87016 84235 528 88412 5972 10341 71692 13501 94734 62563 73761 57320 47320 48139 75094 84043 89149 62403 47095 
3644 16
29163 89394 54716 16804 77930 8768 95866 38337 29824 8942 2771 61786 87659 1817 34353 19596 
8758 17
13373 66675 45583 57507 17985 77120 18403 74958 51760 95727 5445 88026 60299 49244 24925 68057 36492 
800 17
43812 36925 23873 45393 39020 89401 55340 58380 42022 230 31824 25271 16601 80066 67823 95231 95710 
310 15
58340 56999 2192 17185 14930 83307 27463 9345 99948 18449 22665 91758 75665 53010 47216 
1068 13
33363 71841 54924 3180 82480 43056 51243 37593 54784 94162 13243 58139 4131 
1290 11
38405 22202 75121 56662 88267 36690 17224 86429 23762 42661 45281 
2933 10
56416 22198 88362 99932 37321 51994 74500 48831 73492 7720 
9190 20
96357 1958 45448 64270 18878 19799 36270 50787 26855 69650 73766 50452 36196 52626 81730 85464 6343 82163 37077 30253 
2786 13
37310 15562 29626 99560 10714 7537 53376 38790 72419 55427 25368 27246 34993 
7586 16
84757 80378 13396 79659 49041 72084 8613 73573 79780 65559 34950 95048 46510 27049 18042 9314 
9629 16
76914 33547 63036 87028 69054 13258 29531 18160 50041 56195 88717 60819 1721 30591 37812 8705 
7686 11
48300 95753 88158 19251 22079 30873 47658 45587 93910 71511 11214 
273 10
54141 20523 43542 5886 26350 81132 89638 68337 53297 88489 
904 17
1135 16486 26397 97527 64466 31208 62617 53568 86297 37057 44808 71323 90569 7538 24713 96928 28012 
8975 15
73332 92961 76019 63980 43384 76905 2706 35642 76395 84051 69346 82501 88997 39516 51053 
6324 12
75782 13478 16743 54158 21051 50794 27743 15083 50703 5155 49633 58512 
9033 13
87268 42717 77614 85879 9248 25930 39248 55829 35743 86770 83159 43002 69522 
9683 13
24398 97025 10780 14538 40395 1793 11178 84496 92547 82376 69763 94091 47785 
7088 20
94375 8412 27637 75544 27839 21222 24928 67545 57061 8631 29514 10166 42899 58188 85703 4075 97301 45307 42986 23859 
4930 13
7507 53240 57230 69695 33749 37487 42969 81506 64038 18501 70301 95813 96807 
2009 16
33317 32607 78041 78871 33013 89742 97408 19635 67057 31248 56304 21247 96195 41489 25205 11211 
4957 19
55570 70121 61827 48102 55753 56295 41314 72551 55524 43873 14449 5946 83786 29450 5811 90206 62118 52615 68061 
4457 14
89928 29127 89588 90672 72070 43625 29944 10762 39188 52833 87383 13166 72866 74825 
325 15
61138 48013 5635 62787 73184 27535 17513 83365 47179 94665 59964 77911 26258 20966 87844 
8794 16
79143 97727 11124 31594 18437 88728 94048 75013 61363 57271 32869 86278 78707 99319 88037 86531 
3755 19
28997 36632 89399 28933 37715 93679 54060 89386 66021 69000 1719 86288 93419 11814 98204 63749 6167 79379 84772 
2685 11
96822 72217 19397 43446 36346 13930 74360 32725 26238 41223 58180 
2013 19
92691 53835 31217 65444 23008 25257 71968 64823 44499 51428 79480 16225 51244 95549 58155 22440 9792 64668 41015 
9651 13
68410 91813 92559 3423 61051 61987 71824 51900 70422 80924 83553 86310 98824 
7016 13
1523 95201 32446 65889 11730 90847 43685 44405 59518 37664 31927 35782 62317 
1071 20
32627 95206 63642 6887 6476 40591 24067 16958 95131 95444 51129 54740 72878 71649 69803 58381 18563 37300 93264 15724 
6587 14
53829 31926 61319 89475 45966 76783 84829 8480 31300 37851 29446 55811 48916 92688 
6619 12
73595 96439 38534 31253 48818 11694 33183 99811 21025 56857 46796 5794 
9011 20
36209 59915 91445 66746 93635 97859 84182 21190 81030 41392 92274 18690 21777 71955 22287 31352 72801 68078 28280 24903 
7252 13
97855 1629 44680 68649 93359 35416 22986 22661 52599 74469 27996 43343 98484 
5111 17
34854 13660 24228 79799 64133 21588 47676 73111 40096 80048 40015 2597 89090 64271 84211 10991 34937 
8135 12
72541 67391 99499 93777 31082 37649 44690 48135 29967 75471 87098 91573 
7023 13
35346 56413 10781 3809 22596 68000 20795 84616 74895 7571 48048 40193 58811 
3614 16
33786 48878 20478 45379 16796 72503 46988 85748 75772 80334 78608 42150 57901 92661 22392 19891 
7166 13
43444 35811 99387 98138 86148 74754 49505 99442 34912 60913 59221 58833 60261 
7846 12
72941 29058 61950 73521 810 1542 92497 72588 73347 46209 6579 51674 
8911 18
24193 51035 70231 11295 84208 13817 44260 59944 73829 30595 61181 30729 42451 46517 90991 7754 85150 23710 
389 17
62520 3777 2817 46437 60813 80513 98125 89658 85213 97289 57105 91243 35995 56458 31056 16355 60971 
8709 11
39025 55666 32157 74315 46803 27645 10980 87539 58234 69450 17886 
2451 9
16574 45868 54235 42870 48485 67456 82897 469 12426 
657 10
39742 7188 35060 62073 18766 28948 27863 42847 83887 56560 
8217 18
36447 25801 49470 74111 42527 94752 91141 48419 47806 54631 17034 72548 27176 22769 93138 20953 69081 26698 
3184 10
19485 35059 8391 86277 87828 91928 89951 55368 12295 51191 
1427 11
16915 98986 40047 8827 56741 82504 7576 36020 86916 75006 87619 
3233 11
18512 41165 11025 73169 40439 26605 45319 52567 69569 66780 36660 
734 11
14389 56373 61607 61548 84562 12781 49220 32949 25894 69355 71878 
5161 14
28302 38816 69246 13469 99787 98232 31827 51254 99526 89679 95107 25079 99372 84617 
1993 16
80931 70326 99303 10420 31570 79554 43989 17480 20927 48836 98995 64718 92828 47553 7853 70594 
6617 10
12449 61247 96926 57021 64879 84460 31755 30610 23323 35264 
9713 20
60065 19566 25139 23881 68845 78852 16817 95474 2191 67220 80613 54868 18116 30492 6232 91090 48285 11934 62078 27696 
9897 18
33714 76563 2374 82779 97718 90042 46953 47803 8004 49368 90831 27806 13149 36505 98787 17302 90985 91000 
401 20
76985 17057 5896 76566 56920 13170 58449 2236 54414 4749 45239 13769 26745 61483 75380 48257 37875 88244 86633 20960 
9289 15
42430 15769 89524 58540 42525 39513 33486 83792 48269 50574 76433 23456 52242 16473 88780 
4478 13
26934 98562 23678 97709 58538 85620 57375 52920 59567 45182 91234 61539 57259 
9082 18
85549 97438 39293 29971 66289 10290 23184 62562 76887 37878 88048 74970 5948 26797 16954 95219 60454 14015 
5365 13
98729 63086 55549 60003 55733 65329 14488 99138 52159 25135 25076 14543 14312 
3413 11
11789 23259 7166 56065 46956 14911 82597 80404 70750 44479 93981 
5510 14
66083 80974 15448 35068 45455 23029 61620 49426 63147 67104 69642 78494 77436 64469 
4521 16
40887 73953 11371 50536 95420 31872 88642 40566 52823 36198 77240 17528 56654 58987 95751 15827 
5389 13
64632 71730 15212 63614 80422 96524 96867 18193 53040 79396 30607 59791 41258 
7494 12
623 10857 41288 10663 79302 90878 36353 70468 51017 76735 85508 4463 
4373 13
21721 1863 52439 89198 23517 16003 5937 887 144 7459 80630 80490 65934 
3593 16
28053 47659 34994 54417 63957 67321 86790 43069 4356 93767 97806 43298 25849 98014 63730 56321 
1689 11
14729 44913 44785 95323 38963 54325 61250 23847 80118 4980 93148 
940 18
72872 203 73224 43922 55490 73878 25850 8358 68470 17014 68463 66640 79126 58470 24447 12464 55980 34688 
8831 12
8173 935 21173 54090 92109 73255 83003 9652 90428 8156 60767 28394 
9756 17
26626 10075 28712 45579 1506 83686 59747 32642 75088 70970 32028 6729 32263 66913 41945 31285 72367 
5984 13
2173 52363 71313 11782 19455 53188 43573 63592 67994 8411 24803 31580 48331 
6291 13
40227 31284 83867 8733 76614 11669 43146 86420 41526 25589 61369 74083 52924 
9189 13
16582 85938 73925 26428 26194 711 66866 87281 97579 9009 2429 2066 76715 
6711 11
65242 80421 48988 71164 58897 23332 23151 35679 37438 10981 66419 
3191 11
55911 98827 25410 25269 11336 1392 98114 59678 87110 87701 4689 
4735 11
48100 43634 2503 20641 99949 81961 15065 76782 85302 99664 42006 
3407 20
13860 10902 76951 62572 69065 1747 8722 83592 15630 49376 32395 56627 44095 85147 60096 98202 23169 52696 79535 48469 
2590 20
59603 58315 54953 97615 34053 43951 83513 70859 78111 45635 37688 29997 5742 48875 24522 45069 66541 90452 42927 81087 
5386 11
87326 18316 42897 50928 46440 65754 13760 65753 47129 43464 4963 
6854 17
33719 86673 54519 45044 74804 84356 31923 84401 99151 31017 59134 70496 70259 16911 8408 22600 59149 
6200 11
71075 25456 63586 13716 65355 18947 39820 73886 16058 28575 66123 
7989 15
22925 80808 6800 31099 46874 12877 34694 46347 25304 39418 86559 92114 95793 33147 4181 
7144 14
14823 49510 24640 18744 37322 5314 5652 10946 33668 24144 31277 1796 15389 2316 
4742 17
56443 71519 93082 96223 13207 45484 10573 19146 1743 31598 40125 71030 79458 31916 8825 22189 87984 
3592 14
88620 6241 79611 30784 13 90034 78509 9377 1217 4434 923 13404 25046 36407 
1110 13
94775 46345 82667 63840 17878 79216 46752 52822 79109 81924 76657 31146 13971 
2714 14
88095 16027 243 38324 20559 30171 26672 18199 88007 77069 4870 1865 60652 52974 
2162 17
93034 31645 49668 54504 17961 42376 81610 31401 84861 54449 34879 81932 66269 35593 33165 44531 54155 
486 19
97830 62384 35600 70433 92872 57487 16438 74082 1886 17824 92546 21153 32434 30785 80033 28477 78122 77753 31791 
2845 15
52250 21912 46705 37143 54319 48963 90026 22386 79879 13375 92146 79129 20951 729 77754 
3974 17
20992 44861 80853 9946 326 85662 86681 78124 93311 19374 12244 85061 6329 20537 90179 47786 43489 
5402 14
19129 13729 29266 798 94331 20874 99038 557 37406 21836 7461 25747 29067 78014 
8259 13
58106 97998 50849 5506 94676 88886 38499 10457 22088 3059 39833 40306 17142 
14 14
57106 92796 27676 79169 36842 86966 24976 10793 12947 70476 33620 42278 55357 46235 
7522 18
29767 61301 2928 28974 86221 85693 10837 80038 81844 76845 50272 46514 92297 79079 66881 62507 42465 16835 
8254 15
71939 13658 18461 67518 12813 51557 21884 88947 59811 99576 82031 81783 10821 494 31572 
3250 19
84792 24436 18470 53961 37840 2956 87903 74616 41381 15285 82689 3942 86017 13094 83947 85404 64919 30398 58421 
949 20
85340 66774 85625 99103 51721 70208 16433 81237 96095 35429 22710 46937 29480 27370 44036 8189 75318 86022 34020 83829 
8821 15
19272 18327 13529 20679 61006 73000 29246 39946 73360 41558 81453 36554 40983 61562 51076 
1391 11
6150 4473 15133 15580 71944 75794 59121 70913 93150 29264 18352 
9358 16
54429 37695 22173 53201 42412 34324 57123 54177 15163 21626 36304 52744 13615 14426 88873 52716 
4454 16
36423 98429 13912 95524 8746 11365 68043 20333 41570 82290 43798 7652 40088 15791 52597 75093 
5789 16
54566 87405 50132 13429 62416 347 30447 69491 15119 16737 31614 89758 61402 34964 5401 97026 
5348 18
2519 30289 22038 37958 21795 27669 16521 30371 60666 44592 63951 6144 42335 75228 92159 70428 9820 44219 
5202 17
18250 60356 31782 86155 19273 21096 65496 84690 58369 62898 97824 34541 24818 87187 84619 70761 15311 
6376 16
59318 98150 42351 22087 1766 35278 90647 18011 37855 30201 48362 76000 85245 64170 13562 18111 
1940 11
1935 18210 23551 17064 37971 60753 90017 71444 9662 8102 83694 
2994 16
30713 8702 63097 79064 92299 18592 89280 10665 42543 28101 50273 61227 1889 95636 92873 48952 
5205 16
99684 75511 94700 75131 71747 73051 12651 88731 65131 97629 49641 76145 88994 83397 65279 3850 
425 15
81000 75010 51475 86321 90604 68633 98376 58348 95214 76580 11372 80044 18998 26221 85559 
2976 11
91557 57087 71809 78019 67248 96358 90825 69552 74210 92701 38303 
5771 19
86501 33122 1209 28069 24242 99914 72219 64988 59863 66534 3612 93974 75809 79899 54432 93188 49265 33987 61655 
1923 14
26537 71859 45187 23612 98448 2883 58861 85162 9757 51298 40123 778 33125 99277 
1388 16
97741 84705 84905 19326 55093 67853 76146 89161 72492 95837 64 58768 53769 18796 44309 25434 
6229 10
76302 75827 28422 81657 24198 14751 61540 8106 10817 17584 
3275 14
17600 63431 29665 19844 91687 43022 8837 86062 53692 94545 19478 87044 78476 55051 
7435 9
67874 43857 81538 94516 32657 82334 68029 43289 98647 
5879 14
30244 37343 39689 4444 97606 53003 11449 65602 54033 27697 55632 60183 70555 14063 
317 9
87192 14071 82751 5507 50601 91989 35908 47106 62775 
944 17
3662 37178 73488 1692 56522 77768 59276 58278 96608 65507 19856 8566 45558 38539 73974 76846 90983 
7830 11
66809 64497 77190 43505 41142 83384 7133 52375 21907 89960 34488 
7622 11
53988 13973 45091 13803 39419 88862 70634 32862 949 30860 52003 
2377 16
19121 81846 81930 43077 66163 42153 39997 44809 48680 75464 91773 63660 44108 92809 60494 11402 
1453 19
17714 25123 54983 15385 56190 28208 24651 38811 66733 39332 49749 74243 1339 59341 12015 70749 68226 51412 22832 
7871 18
3498 48620 68848 61404 47906 58400 5990 20931 25031 21349 58297 98450 26575 50662 13896 87464 42478 1513 
9169 12
11520 11370 56712 94001 84264 73787 57665 25298 94834 20169 78627 26658 
4434 12
52445 76501 95613 26596 90926 66710 22448 54041 14462 50089 90285 61601 
5846 11
40819 82717 22096 22104 55917 7826 51321 52695 75518 96247 86810 
3845 11
64990 70331 70303 31962 12821 20060 55489 31529 81468 62432 2145 
733 19
74547 79180 92724 39705 55817 92955 86454 49094 67770 13284 65928 10133 76251 80266 83833 95415 66261 27665 5837 
2977 12
55942 3911 26975 15505 5806 59016 22277 93384 51874 12353 17198 2309 
3818 19
40684 36133 82884 77664 79850 85029 68854 88240 84791 21513 24980 63719 30574 75954 98521 37897 825 96670 55017 
9503 15
2194 36468 15077 22033 5911 55480 92507 68126 74467 70054 38122 48935 69675 72489 13182 
2317 15
20878 87402 82056 65696 38890 66434 85883 10806 70890 41224 32673 75328 15438 60074 61382 
8696 20
35619 45104 44776 86267 17085 89554 3876 87902 38304 24855 77630 82092 78115 2284 82577 94634 66416 42488 5076 65791 
8677 19
59762 61954 69066 98603 36527 63444 84362 95939 27075 87787 86212 5765 75934 11813 57476 65537 70719 55736 54100 
2585 16
6786 34582 18339 11139 67056 1673 6193 17454 33351 13156 66719 89694 26261 2636 9928 98609 
7835 10
1884 41831 72749 78364 9571 76123 16859 64473 77092 15442 
48 13
23765 22992 25194 35013 36919 83383 60186 18532 67080 20457 54540 97064 58936 
1676 15
99340 97222 64768 71950 48718 80095 26087 76968 47734 63290 18676 14419 54584 30131 84112 
3167 12
16768 24472 54201 87752 45937 65740 46728 53198 50490 62826 38722 12102 
7954 11
19268 66778 44258 38185 88317 154 1340 82077 10657 96374 91676 
3539 16
526 73737 49967 3020 92085 18294 15728 54049 50020 45018 42345 96834 20542 46515 16343 34828 
5513 17
92024 56844 71501 87634 44137 68500 31381 87175 49374 65210 58261 4574 75099 3443 85906 53280 39013 
6446 19
26401 15900 97353 68545 68205 46530 53448 69144 69387 36923 35735 27618 83774 98393 35871 99013 78839 10142 58291 
1316 18
2024 8399 54062 76036 40854 47191 91966 42573 31724 11195 53426 67807 9602 16101 27652 88579 39821 16199 
1477 9
83228 23814 88028 30077 82227 51894 32372 2477 71393 
7039 18
67834 77918 35573 42126 42519 36815 98041 27978 83474 50114 77076 85555 72967 70713 76407 20064 27899 71440 
9081 15
8893 82682 3001 1161 31591 86117 34619 93266 71966 55774 27930 51304 56624 36605 37630 
7547 12
42088 31634 18581 97634 11188 96499 71245 51995 97624 48531 18441 63364 
7349 12
59041 85279 26091 79362 33490 16892 31597 32445 80668 84314 79401 17422 
4355 19
55999 62148 73320 57430 45052 87950 1478 7753 56024 50139 81916 51294 98644 28851 13807 62132 26051 47254 60822 
4112 16
572 65305 35584 7423 49884 67144 30218 88453 95395 72854 20577 8516 8967 68058 46917 13957 
3868 16
88866 35657 15235 78867 15483 8246 20585 93556 71860 77797 48204 36551 14853 79373 45565 38492 
7438 19
92491 76815 43162 1137 35463 42865 51686 85581 86426 68645 50115 74677 82920 29776 7093 59314 89848 39760 60101 
6338 17
99700 12190 60792 87196 95615 90076 14542 24605 84191 50679 68607 73241 28228 45550 97460 85867 87956 
2760 13
78645 36859 27297 57304 64077 93269 30126 89490 78331 64610 16929 26113 85851 
479 13
65438 31568 15780 13011 90023 95650 70053 77731 9176 95716 4191 98692 15992 
9420 16
70380 34552 26102 97260 42389 59462 49022 85528 55072 58999 54466 41226 75873 93952 698 5949 
5347 11
40534 67181 27524 35491 70902 82940 51217 894 48957 85467 78317 
9573 11
44169 73438 79675 59834 45212 2480 23543 45598 69101 4039 50136 
6980 19
53205 55463 46236 96257 95986 5817 40284 5705 37419 23837 57681 25220 52865 92148 18909 10247 86902 345 57447 
4144 13
62863 53109 22877 75399 25841 82676 24065 61793 68020 45036 39404 39049 37344 
3243 16
90145 88483 86477 95605 87999 91479 36187 85091 36767 23264 85995 22446 30365 20909 81520 22565 
9751 18
30671 83119 97787 77396 94983 88494 86798 40731 68269 36902 78043 81153 15698 12414 92385 68977 67431 16176 
142 9
27708 52504 70926 25320 72905 41397 44876 69776 29870 
2722 15
22626 30535 63545 91360 58239 98911 89796 75712 85352 91586 72772 2495 75932 68648 63596 
2882 10
16292 6626 34082 24478 48828 34255 7897 83698 130 65860 
5595 12
17171 62505 76198 52660 99070 58454 78073 62828 23998 7417 83255 77645 
1705 18
69544 50406 45330 54074 27480 55585 26647 22932 60703 28747 29573 10868 85721 41700 76267 5702 26430 20589 
5804 16
94485 99751 90819 91571 51893 4467 68128 41712 8105 22763 48473 62136 62289 5917 30618 34521 
6673 9
73418 76296 23796 50888 65766 30070 51168 42973 54187 
4397 17
58227 62566 70596 57816 78149 766 26663 18659 1045 63839 88370 10042 47282 61075 41856 5263 27853 
7984 18
44930 27980 57104 6981 7690 38861 57279 40900 55615 78896 88120 97991 96995 83098 98660 59248 60574 56008 
3235 9
49620 73072 43831 15602 1888 53556 2687 56469 92748 
4463 18
28195 7858 47964 39388 25685 87340 25398 53413 49953 83013 45282 829 32644 79233 90453 93378 33779 47407 
9353 10
37027 31682 70253 81804 42507 20075 93341 78811 53825 4698 
6992 12
36392 11808 41507 18627 78207 57291 19916 93173 65452 19422 22059 38949 
4813 20
53605 80961 33887 79227 94508 92336 33141 80938 1619 4381 44893 81110 48889 56513 40613 80023 46409 61968 4925 70504 
4473 19
42415 4317 53865 73746 26005 6122 50259 71325 49167 23389 95684 43064 18569 91984 51623 80782 50710 62394 77021 
2923 15
9779 64384 54171 49587 3340 19756 20732 51640 17764 89943 87908 78873 84721 87323 9340 
4891 16
4167 81515 68083 38593 45691 28857 4718 55497 23737 99788 74078 23732 28267 42432 49811 28246 
4193 10
82470 16068 8596 29869 52011 97482 99564 34675 49397 24403 
6313 11
93797 31659 43265 78987 82829 67578 11942 40845 71033 55835 87162 
553 12
85293 41198 4588 94079 99737 17475 92964 68602 11263 86338 47859 14976 
7358 17
8226 6016 41726 81897 65508 65619 36550 45114 59605 34271 81543 47834 46203 67570 34122 51487 88944 
579 10
49017 66917 71023 75165 45252 42065 62224 40520 12219 67171 
9733 15
39173 58005 38374 90923 48043 55543 58337 16989 55530 14939 77857 25678 52738 46377 4715 
5423 20
28551 27803 31739 46430 95207 35455 68353 45970 1409 9815 55156 1773 50200 16272 94963 49455 70050 8351 21946 59012 
2110 14
24868 61289 1347 39568 34012 21009 59501 33033 89707 86964 76856 26358 51188 91268 
5286 11
53652 84511 47790 22812 74002 33603 27086 4117 94415 60639 83647 
6212 13
62838 10024 84445 15924 35388 35386 29498 14766 52625 28692 96981 11374 5696 
462 14
11995 88288 65678 36094 36722 92412 12322 31505 72407 29109 84319 76817 73681 45164 
4138 18
7028 92204 45568 17444 74424 68663 97831 57207 16048 41421 45495 34073 96595 37046 67693 59332 57000 6958 
4535 16
77091 28322 69520 66425 25667 36600 7516 58582 4879 96236 23752 57008 17603 59703 30949 28816 
5569 13
64850 34230 84254 59384 3796 62797 42224 9565 17805 83966 1429 54440 49204 
3962 13
57824 83948 29084 25172 74529 62747 80896 20353 72827 20584 84159 97899 65945 
8841 13
72659 84550 36520 68411 51934 56422 90949 85002 33631 9894 17203 60487 20256 
7305 11
23444 89141 17735 27769 569 31000 71052 41276 95997 16103 80227 
7025 10
10805 52644 5509 19809 18708 19506 81812 98482 33186 52788 
2111 14
29311 8110 26952 60105 43759 41618 6653 47961 10258 38453 6578 5996 60359 88323 
9002 18
62316 12124 91892 37414 52024 74681 58943 86336 39863 99659 57226 2591 14234 49905 77985 31122 42901 16782 
242 16
20744 36153 189 19002 23468 395 70018 45438 43269 48235 10942 17280 86949 78106 10820 98978 
8861 11
84481 93957 73046 79790 79049 43358 79861 38910 85659 88961 26234 
9647 18
6639 93830 36874 77077 22523 36307 29392 69201 25354 15121 35547 14951 3723 46419 25514 24037 95318 47109 
1195 13
9331 14934 67451 34 58034 12925 16525 81708 60713 65784 61163 99673 79555 
9203 12
81842 24592 27088 71731 83264 8470 38458 6905 8113 67814 91060 87616 
6380 14
96388 80460 22929 80653 55784 80477 62129 43186 64808 94526 87093 39333 20074 90161 
2414 10
97573 7645 85993 8296 61711 80871 72821 17574 3831 44723 
6960 14
6247 71899 54459 19748 38352 10844 72698 99689 50433 14405 67911 82588 69862 36781 
1283 18
78912 89194 18163 45905 65797 29280 99157 21454 30634 38825 18667 43971 61184 34956 96458 87663 50561 9751 
6109 10
19931 1178 71786 93430 25854 12003 61318 39924 89884 30948 
8648 16
33752 82906 10856 80463 5890 5663 61228 31855 85459 81295 92903 41666 55376 40446 25704 15391 
3597 19
40462 30212 95110 43268 15572 44464 11413 10118 37962 76133 90138 43181 26650 84345 82493 12667 73670 55285 59146 
9960 12
54985 19578 87648 72481 90539 10159 62212 81485 72726 6102 51956 64334 
906 11
60103 51287 44052 11604 24241 36627 87150 2770 75208 73612 46263 
3907 10
14146 45631 92245 99279 42943 25060 58981 27219 33825 39237 
9486 15
77993 25214 29781 88324 29916 88042 96171 85828 42294 1142 3667 13021 47863 25217 81616 
9918 10
63551 71772 47523 14457 27484 83949 61821 79933 49584 31825 
1949 19
24096 18968 82966 71256 98832 52845 63589 5658 7767 96757 99572 99686 77607 75188 21318 29512 46254 41367 1416 
6916 12
11809 72127 99970 50484 73880 52775 69602 41285 30454 70456 28824 1234 
917 9
97211 85545 38274 99771 3449 59516 44084 33126 60729 
787 16
93804 28454 97031 28770 56648 68117 26830 58404 22951 18196 14260 39007 87547 65673 28862 44816 
6997 16
89931 98688 78792 5905 19589 40161 29304 15745 17992 87668 28159 789 87233 72751 15852 66150 
8314 11
56962 8642 63791 26183 3608 2974 49592 15104 41770 68776 41045 
3342 11
72979 65979 39507 52081 84123 4931 49654 44990 9122 9498 96178 
5810 12
78145 7993 28584 21603 78493 63360 61998 92677 51085 74309 74884 81225 
3546 10
83879 46983 76616 55898 55536 92353 84271 46114 29226 46370 
381 15
83622 64923 41769 26995 75098 86835 13349 8747 17315 7 2754 40665 97925 3837 78218 
6871 19
40071 599 47629 87851 31515 12282 59306 42836 75548 36149 80127 74615 74736 16615 59246 66013 21581 39044 13601 
7445 10
54006 15917 34472 19351 80365 80625 85554 84320 15716 33977 
2863 9
58684 99870 11046 70638 855 51663 30562 19056 72313 
9100 15
40503 79050 41747 67500 72373 1905 11852 53450 58793 26345 14179 24333 48829 6610 28665 
627 19
74570 49106 41993 94802 39432 20137 76493 13907 46427 61874 92874 60226 60962 18989 17668 47618 75802 52170 38799 
8981 8
73258 36381 52999 53912 87611 11981 89217 68881 
8181 19
82963 39996 15098 76450 45999 80560 83126 49564 56979 34337 7259 52171 23141 74272 59532 29408 37489 56597 40430 
9160 10
31683 3972 4618 73769 32719 89403 86929 96777 8302 97387 
2346 10
3616 22001 38852 62638 23022 5214 75265 33916 90132 2355 
6241 14
36531 42960 25240 54471 21600 40351 66575 48146 12416 61451 66639 31889 86442 88617 
6953 15
4460 71259 13413 40597 2391 45821 54548 6931 67642 46259 29728 66523 84887 52169 46501 
9948 13
4624 24599 90758 23869 74943 15301 10231 7578 78907 83858 60007 44866 55894 
8617 12
27336 12078 80572 65001 89450 56222 27070 53656 58113 96366 24555 73616 
806 13
68168 71891 61355 43442 81762 91541 93536 43249 77280 59283 25022 2074 82846 
1109 10
29735 70282 78813 65141 25962 74628 83089 14698 61713 38329 
9610 16
26024 15889 72458 10310 80133 73708 51124 99410 59639 7226 82028 46899 81281 94445 8256 61799 
8490 14
12447 70466 48919 72199 50163 75442 52199 82276 6067 6575 74268 5462 1738 11887 
1045 20
17105 25087 20595 95978 77344 63622 90560 21886 41485 54028 20566 44114 43439 87873 56316 91949 29992 39892 38313 49560 
3953 17
5704 78057 66720 51407 54495 88667 95826 11603 32155 95955 64015 64680 38261 15550 80813 19290 8169 
115 10
76397 58775 15264 96238 44635 99249 50746 55235 5443 60419 
2143 12
15678 17145 18889 34395 67372 79592 87144 21511 28330 86761 98833 21501 
8791 19
77912 7524 86695 7772 91907 68515 10195 70762 32205 58323 55805 40812 99958 73654 5851 95022 67079 27407 89708 
2732 14
98643 96872 34513 60437 17453 48868 58308 55683 61549 12612 45352 30026 16158 32601 
650 13
88226 4701 26135 59551 78483 50898 68345 60100 18275 44740 61008 33694 78383 
5523 17
82572 20012 37009 89131 33580 80571 36834 48363 44354 65454 67081 31078 64293 17531 95018 31675 18711 
3428 19
612 47401 28439 69864 36727 51354 44929 88298 49856 49358 71379 56796 53296 25787 94797 87468 63123 39161 61709 
8149 10
16863 79950 87508 71560 59349 39297 11281 46288 42728 88199 
