17
645 16
19201 5871 17206 27327 40430 99709 41610 5428 98958 55827 25420 70748 75243 94335 25857 37503 
960 111
49114 44261 4772 10246 51876 7544 17016 76539 94952 78074 30117 74361 25961 107 66862 63779 31336 5475 42225 39628 59943 26599 48316 42917 38070 11448 19431 43639 87445 62456 54891 2488 87712 51196 59687 12061 50052 66161 63356 12818 28768 31978 59494 84810 48563 46174 52327 59873 94999 77346 53154 35120 23922 72223 2051 44935 54522 71564 53485 265 62564 64418 50403 94718 59962 50486 89679 946 83591 54465 46962 29567 10869 21090 51861 9966 10637 88364 17116 74055 71219 33843 32705 87227 48693 60256 39021 31496 12806 9546 54143 54444 5725 5471 99784 84873 52636 96093 97687 99308 15855 79676 3101 65075 8638 84320 25355 9421 97240 78036 52283 
345 99
10102 33481 19434 71301 38678 698 41904 58235 46239 967 71140 880 5633 82196 70269 9844 89511 47976 58714 49783 91040 2793 18924 22031 54833 47044 70045 51657 13096 32967 54759 90733 89275 48445 16279 49726 83797 58569 46918 54618 14136 69386 57587 67453 48436 35146 52092 62120 27876 2813 46541 60681 62251 81026 86962 25649 38844 93210 11569 94392 9072 8460 71580 53331 25490 25046 14529 35454 57555 85130 75269 13273 44631 4985 32687 59800 32086 53952 31543 79204 63367 18836 70007 34081 3643 12122 79533 11155 43678 67835 46830 77433 60044 40688 93506 53371 27194 909 18780 
773 413
34155 85500 36688 83921 91553 64335 62500 43252 340 97600 14896 36856 87989 94678 44107 47246 51228 56430 51659 66056 33255 64401 27761 27480 89321 54699 62596 25378 11912 81216 57091 14738 98531 90151 73686 50750 15369 12595 69570 90526 16143 10651 40332 43473 85998 21310 53506 64494 39026 33144 24255 3447 13041 40931 19322 85050 35709 57597 25949 78980 73247 64388 58085 992 9426 78416 71093 88768 34911 45725 89292 32132 19390 2756 50141 76312 25659 21198 26302 48263 2160 64038 39234 60291 17138 38060 24959 19898 68147 5703 12658 76853 84406 1433 71366 20407 35249 22849 55725 92352 11321 69003 56363 32600 89712 60089 95708 66423 1871 66 18450 31799 2002 1904 44507 28966 60039 25807 9116 5396 89374 97602 48603 99582 66995 57874 80130 45825 11948 98151 65491 59080 39739 6431 19499 4707 65029 28461 91564 79389 18359 62323 25085 24575 14406 54359 22685 13759 37301 19092 64331 90669 93634 34768 40416 56525 75902 85862 72084 30500 57059 48130 76254 68181 57408 42710 12628 18694 61749 56604 754 13108 88687 72888 45291 45823 89177 11080 70947 70689 37383 52749 27971 87179 46287 21651 82325 37267 59114 91001 51565 66333 44945 35877 82453 47531 17818 60357 69699 72668 42368 34776 69938 23357 65090 2547 53293 71569 55064 68235 19769 55563 2259 93012 84806 14766 82901 96821 64975 47106 27293 99424 75996 63814 55143 16022 15057 65832 35520 55724 84634 21772 19694 80618 95228 12277 20867 49498 80567 76369 40900 61772 52588 87995 61312 31686 61969 56309 81533 15486 33632 65072 13115 64226 13329 64855 18 65945 19722 83085 96323 12476 80308 61371 5954 38554 62149 53411 49388 39305 16841 72582 41749 38865 14048 65974 8511 62585 26354 79617 20947 5864 14955 7525 1933 54996 3227 17957 51993 39750 97965 48299 22122 76781 44374 14586 23917 9033 74132 78684 17099 49589 89792 27160 77819 9617 55010 30588 18867 62853 38470 60062 56365 47808 95330 56414 36156 95745 32233 84172 33463 31810 46121 4123 57725 50344 15093 66865 72068 62285 75437 6583 12367 22540 8576 54273 78908 22581 18587 68991 55465 10184 6919 44909 59528 38525 24544 99274 87844 82171 23163 4419 71440 72880 43335 69951 90505 83815 80110 57360 73705 47729 79816 15518 8475 94839 10818 62261 1209 87020 89136 76815 37145 17316 44798 91569 69899 75136 50775 21853 80307 57142 3619 2072 45488 76286 15092 96306 96812 9250 84781 73031 32447 20311 70584 57047 84957 96979 58186 31355 89522 37690 80875 21067 10897 7865 87473 74427 16567 74422 62080 60699 71937 
104 54
35639 66805 93797 16248 26272 54611 53039 98845 65174 80343 49340 69418 22566 13050 83204 95619 57624 96734 29692 20911 51093 47165 73823 36575 87373 53550 21149 64295 44980 6276 22182 75719 32099 22098 21326 25208 3160 81443 141 59961 20568 94477 47235 54642 98458 4386 86878 86013 46697 68697 96133 6582 37849 91627 
618 846
47570 11725 79403 59195 2042 77842 29612 6653 61549 4549 53207 92670 28098 9613 80197 33401 12763 84940 99385 94848 78509 57625 51946 27522 87678 43900 34802 92376 50068 54028 49476 47972 38451 96595 17516 35909 46144 82165 64856 10110 44962 506 36891 25405 73410 55640 9852 99728 34322 16089 99065 71028 68426 76069 83950 83716 59260 41236 12273 98683 26803 23134 57089 55197 92171 45465 61961 87850 42655 94567 53887 34884 75526 41140 9247 82666 13083 87340 79840 10733 29410 7176 65249 45175 84474 15469 38105 34754 82461 53291 23555 2317 55235 21646 27228 19358 63970 99351 80738 24846 21095 7145 51611 19109 1607 1344 8716 5513 31775 26401 21396 4181 58119 51938 47702 11468 85673 90270 75858 27535 75059 12285 39103 14517 56577 20440 12286 2653 69746 76335 22945 47638 39525 86825 38551 33964 48613 94793 65289 79939 94223 8032 75260 85002 63706 89487 65380 57936 40513 61761 37108 20603 79104 32999 22774 11762 3956 82048 85828 46774 33952 55277 81491 95756 23950 2731 33049 28567 15454 84884 59612 41119 76706 91519 49974 40680 97051 83296 52449 51036 95880 28697 99394 31761 59384 9235 56592 44851 95101 72502 81901 34281 99192 26191 83271 30922 9166 60730 21155 36266 33612 56235 54213 52733 30540 2849 1907 2607 51656 93244 75399 29901 46127 32367 56561 40096 99204 66532 15526 42566 68913 66390 73589 90083 28370 20072 85385 89545 87017 56718 2862 96220 96048 56379 36795 98754 58263 41814 84980 48057 99334 15312 41959 35764 8848 98457 21915 24770 99159 27657 70408 91691 82006 96628 95921 29460 41587 37463 13039 87867 87701 27328 26048 8047 60144 3286 47446 67238 41879 22657 95239 1350 16929 66587 87361 61653 63600 94020 66365 88229 20776 7309 97944 31430 91492 23642 1667 64146 26837 56866 30487 22359 25337 53765 9616 46177 85395 47061 34696 19950 14372 99223 63944 79819 78323 6478 20592 15125 58681 17322 12776 36091 79070 39586 31947 80362 52411 27929 16198 84943 4504 96707 6915 63091 50985 57675 10547 59506 77907 24752 68864 39486 32390 20649 96155 55960 73480 69031 57835 45231 14216 65981 29417 12581 12254 16952 60398 5908 56488 55998 73137 24615 20872 31663 19053 72673 40049 47371 71176 93814 22780 90846 86336 27062 11823 50470 38825 63515 57963 46518 25447 82617 75221 20800 7000 14774 92998 97137 87729 73991 90873 63947 48231 47199 33834 22348 1608 20999 80071 37437 21574 66460 64603 1053 23705 16191 30863 18321 69283 67851 74386 96396 84863 42736 27353 1744 79576 5234 97557 8751 36921 85816 95046 17081 26563 85789 198 57057 18808 93115 64086 50162 1150 28870 14941 73261 35200 80948 33745 29441 75385 70578 11367 55997 99066 66943 47191 36452 47006 16971 85700 30612 13913 32344 82790 72891 50839 7641 99275 10852 3655 71142 74348 68324 98639 52535 26369 45344 68393 1291 22030 2902 58799 89207 45218 32703 9105 57365 74556 64438 50663 41850 18234 98609 23330 18657 42447 19502 61656 31343 84532 97214 26434 87153 49860 92811 17374 10463 48768 62144 94326 8495 44167 17950 40015 82477 69713 9677 3320 79781 17046 52975 80412 72202 72155 51541 37293 42174 11809 79559 31390 78774 18785 8437 2908 50549 71207 22088 19187 73161 77047 66687 25081 18386 48439 95172 65892 43470 86949 47167 95654 68266 39131 29239 79028 11394 46832 27164 14515 71906 78154 24108 5538 60101 61240 43840 1158 2319 93956 5390 76355 84139 50493 24268 29809 99392 6147 68909 40308 88872 29250 6391 50776 36618 46332 62700 44771 38907 21585 6592 69406 79439 54656 44712 57083 80847 16787 16650 74602 90746 34701 26479 18502 72301 13980 17078 66868 79362 16144 14919 97787 24582 65773 25180 7908 85405 85310 51718 66878 44227 17144 95279 59372 89710 51752 40199 85795 39291 77810 76791 50951 45605 78787 46977 99183 76303 62338 99459 47551 28952 83806 78804 34800 659 97465 37044 44896 57146 65609 55709 9146 52010 32953 39747 32053 49647 72662 19799 65015 94273 94103 29631 78775 85584 66797 25295 18392 7187 42967 43892 96524 29337 23593 82619 64692 30630 21440 46034 70384 86305 64642 55919 67666 70941 23528 89819 61052 62809 3313 88013 71857 98474 81229 64626 49674 29913 74323 53495 74082 45831 43315 4528 97805 65381 95683 76333 24381 82525 51273 79950 39220 97193 91173 61472 6686 87879 13707 42727 96604 26204 84901 29202 19692 79142 91975 56556 4554 75223 13257 73386 60817 22909 14438 89715 46773 67041 38999 12693 82926 52659 17629 62543 10229 61110 89730 71742 58901 169 85063 63610 43126 82476 79850 23560 43174 22984 4339 37544 22097 77360 70364 40644 62064 28020 44116 32586 23015 7938 98066 73214 20798 20758 88015 14312 84448 76568 48143 22026 83794 74302 65368 15797 4838 85886 59232 41039 2103 60261 46362 70206 7981 87377 79832 1806 12991 47028 21763 15634 8361 95217 24275 31244 10064 73077 41893 68885 52324 21987 77153 59320 75441 65858 44355 65640 5160 95903 25597 48086 78325 35953 9992 58727 42408 38614 460 42414 62334 70133 83821 77823 31881 48 23311 77018 61149 96154 43899 7373 80338 20601 43561 43630 14119 37811 17844 70036 27300 13785 92409 29118 30585 98604 86347 37436 96467 18860 4660 46151 23495 66957 62761 35089 77293 41076 69637 13120 
288 375
32732 19591 42202 86166 86163 73006 65 70798 33874 48864 49569 5525 30460 94500 20830 61874 68478 28292 24646 12610 27772 38823 93322 15407 15094 6755 61824 21689 7608 92320 87043 64610 81845 35855 87616 38715 65605 54124 70063 62981 55243 11741 49529 8094 44000 40410 87203 51674 39999 88453 55478 66702 16390 15962 55564 61768 10316 79023 88846 2929 46877 20942 92567 38030 45835 79956 38654 15188 9829 94403 98375 67542 90745 4319 90872 47981 7567 36842 30686 45452 49322 15187 56212 24550 50382 88213 770 59843 39084 95470 83713 14448 66288 13479 42433 79899 79563 77114 20782 52489 86352 7247 99175 55063 59892 53054 27301 80968 54288 50844 23356 28087 10911 17255 6660 93064 37021 82338 75088 19329 76122 78310 65768 38661 8470 14826 40744 29609 95313 19787 37142 94376 91212 28230 64861 84749 45628 11820 11197 99352 17067 93781 33324 16384 66022 21014 37629 12135 60070 50346 58728 55050 49060 23815 6930 89172 15038 49318 18388 65512 22299 85951 40501 79543 15757 91591 63813 48833 871 19294 36004 44452 79862 65087 20660 87627 66065 96620 32781 97090 40448 83175 94758 46188 80173 99778 72666 9599 79896 91150 25275 55540 99245 30725 272 85871 3654 36576 6490 42557 84995 30084 44210 8964 8667 20100 28356 50484 22556 52097 99149 55392 96275 44927 67610 50508 31713 529 25577 94634 8349 75838 6247 23402 62094 12905 50559 91955 91255 55957 93006 53985 23235 69335 44117 19868 74056 9006 76822 9872 16483 54010 36171 26943 4280 72049 64302 58980 89766 92307 22589 5314 77227 64849 74663 80960 39407 42141 86829 20658 15590 42616 90007 16768 5581 54771 72333 11891 87131 56318 10169 33782 15636 14690 23934 47914 99809 2492 42521 18519 27340 20286 77999 81171 49511 12915 97774 60824 68694 21590 55487 33614 74901 73060 58909 57539 56699 34277 92997 69942 37573 4720 88987 91158 77942 2313 43222 26270 67000 65978 97803 2098 16860 5523 16928 12651 78393 68505 27741 60229 88100 83483 61164 41082 97691 80089 89683 90777 69598 56427 63652 56091 80949 28994 32691 12802 32552 25736 25800 29687 27865 77720 67168 83245 34053 69302 24331 71456 75061 79296 20061 90147 78150 21402 90184 5255 66035 25874 11473 31608 13611 75578 4296 68395 54572 43903 74450 49641 48061 8189 98244 64093 91041 57540 5766 
563 789
73819 2830 78506 43056 75293 94983 91563 88166 35388 62176 12846 44366 54893 53950 2749 97160 80047 66075 49329 16332 33690 24864 88929 73128 12876 99053 89382 4079 98583 89979 28850 27315 22642 83061 47951 36165 29820 45945 3060 3112 77743 76137 61767 29873 5430 59746 90263 64528 25249 8155 19758 29008 99676 99199 24064 21393 26235 5308 3788 88424 10214 93297 93280 10028 6086 69341 3689 408 31897 1597 87543 28458 28926 40334 27583 40817 13712 96711 12175 68194 29303 5105 94837 74123 70559 37758 98064 88618 24450 17866 53524 25902 21276 76340 96134 91673 10722 53163 22670 20858 17921 65516 18116 939 8165 2758 75224 43584 40449 5276 4199 14750 98842 25685 29760 95815 69556 69373 2626 68689 35055 37931 36246 87201 13909 8653 32048 51295 10091 78730 42875 38068 58331 69243 68285 51867 83811 15957 40124 36767 85415 89149 83923 151 91978 54080 11423 21696 90710 94310 39951 28038 71695 10987 37796 31656 12604 1626 38751 32978 97383 53218 14441 70341 23870 35981 76079 36121 24590 22830 38973 23036 18868 17006 3242 59910 93820 90003 76638 73479 39336 49439 57716 55059 33432 53601 41975 19287 46191 39677 8696 64434 78654 79189 44515 19940 32612 45483 40088 6171 88758 13992 75703 45909 47125 69577 53472 39130 95598 13058 45455 34183 51628 48339 28620 11747 37256 31198 53489 46941 53343 45768 94049 83742 8278 969 54410 3815 86089 5020 49065 8788 64412 33442 93740 67893 51780 13612 42252 62156 69888 14490 59862 62632 26952 18993 73835 83569 74604 14865 3950 91078 45559 5226 89864 60099 56879 27898 96673 90288 95057 51121 35795 42800 93325 55112 12564 49009 33606 93220 75621 37150 7528 29474 14575 4472 91461 92419 43089 34399 55588 51296 28671 64617 62777 75796 19539 24873 43727 40204 46505 40653 8881 8652 81380 26385 22829 25622 23289 82526 70743 63301 15889 7515 87082 67189 36823 36442 9056 72034 53174 68376 8671 76386 95183 1418 33148 1170 47921 52722 40283 29170 8116 85493 71051 55060 35207 51783 78581 66487 57420 74173 64455 58282 60364 76662 45321 43625 92005 22913 3000 31569 30012 97654 75587 67441 2772 44579 12222 7755 73595 71741 40573 11355 9899 40901 77366 99102 66531 80085 72363 97355 49272 39756 19920 63237 76699 75394 73776 34650 16105 36477 8254 44248 61836 28202 81256 73955 54843 25710 39768 75107 72788 55763 51399 38482 45803 87318 8829 74620 78712 2933 89856 96386 54104 40566 94383 92488 79344 67872 37315 75311 41386 45967 71279 82495 13473 31748 20969 3560 92202 56682 71054 43935 86675 59119 1596 51130 59124 47291 13878 94803 78578 74747 96012 9270 85299 47440 66684 83788 74872 34937 51964 20314 93776 69512 98127 91144 15383 566 86578 36773 91361 47195 46655 6551 47788 39773 18731 16127 62196 30837 85654 52686 22398 6764 67061 66980 55069 54006 86971 60355 47949 24063 58867 28815 54039 29149 80577 60775 88704 51922 46989 36519 94831 9262 24977 98971 33798 60363 31956 50212 23078 74749 90564 73241 47024 70473 15990 63820 10048 25164 59083 43660 35689 41420 88880 20105 99675 19569 33074 39680 30259 4484 5585 82805 43617 93353 57459 89368 45872 72074 88782 68539 48775 19850 92817 83329 76929 56605 93314 51379 34739 32190 21533 97367 42573 23362 88068 155 77244 43450 40054 28251 82330 41635 17401 88600 39483 65666 93424 48658 97070 90845 84888 73226 52208 32042 91911 76143 67816 86551 83562 37976 30834 72952 36364 84740 76820 60671 48244 1348 91746 75851 64203 30568 88322 80442 62661 45340 38930 4973 41102 91677 15378 36177 7690 78466 47855 39432 29816 76950 75029 32726 88303 2056 60427 97318 23947 55226 54709 36343 93813 91574 77774 43713 3731 18357 13803 14616 10951 74413 70745 64772 50466 1813 91241 20142 2086 87993 44121 37535 37411 43480 51000 8479 96650 34630 95837 95538 96472 72120 83808 60594 7232 93330 61490 57583 94042 34663 8523 16473 23304 728 83501 26846 60020 27230 70307 62210 18883 83963 73252 66218 17010 6722 29420 5030 88597 39071 11836 74283 49313 10868 36831 59491 31460 66382 82773 59409 43834 67211 48585 4765 5202 2483 53292 4128 3723 3494 48076 65618 783 19117 60414 5218 82995 71668 92527 33466 12294 19652 23234 90258 11482 22233 42754 79273 89786 62767 38893 31067 30763 1321 56189 27124 20460 36103 18900 9236 77001 29957 79360 37932 39090 85995 79047 71566 43636 12490 69105 95308 35716 92356 95879 79169 36398 16189 93579 88554 21192 68349 75023 76610 31137 56685 37603 7974 6828 61856 90514 62617 71329 61907 34936 10507 34143 31267 33418 57494 99909 2805 21379 57945 79419 65678 57556 11328 12447 52015 48336 24070 40753 54945 43191 9271 33877 5022 95137 76374 9851 9796 54607 63225 38555 34750 74515 41460 54058 92990 45377 15761 21854 98286 66439 14036 8006 69674 75095 55733 40761 40434 25846 83674 6080 70618 47014 12044 69995 
604 291
61618 43980 15697 44115 8745 32449 89849 71932 98954 44220 21317 46220 49025 90348 81052 73381 35330 2747 22985 43487 87834 62628 63900 80675 41303 41055 69820 23061 68696 49970 4377 49197 33280 70317 21652 30721 78029 1593 37190 77251 4589 82112 77019 78271 12810 35320 23806 3116 99463 81115 62387 9519 51111 23354 14697 60033 47793 97297 93430 85072 46275 11231 70426 71437 79600 60036 32442 56823 71905 89037 50236 2519 39197 63024 15266 67928 78569 63803 99234 52124 42378 50845 35779 24756 81245 2123 3887 89826 98644 46979 75222 81458 87385 86367 68634 32862 17809 30956 51575 48665 10575 10345 97972 17214 8675 56540 56015 20231 23981 80626 88710 70878 92557 13336 77161 47511 95370 15770 39961 52084 11951 85264 33452 96196 38867 50128 59206 48588 46349 54772 38172 12572 91899 54603 17195 76161 42234 14087 63757 50716 33293 47327 97362 17367 8414 88264 51913 53193 44023 30826 80378 59438 41091 24347 18342 63624 35232 56276 99202 10475 12010 69856 95402 39332 95039 48178 9118 73106 30227 80044 84204 8760 51753 66195 52974 63992 81769 78518 77711 15334 29817 47389 96207 36970 66041 61591 83629 67662 11675 9921 77141 56678 46567 8518 54336 34503 91258 93267 90741 1416 70950 23231 34959 66605 18985 64712 31407 16617 47249 5378 3049 59390 28145 86185 36504 18574 85883 8079 12833 48418 52941 94879 39041 78249 50811 32635 93334 5137 10531 42717 5623 14951 47944 73055 47623 70753 18315 12797 88099 60603 15831 56211 35370 66168 85472 40397 53149 39692 54973 83117 31093 54084 97590 4502 922 79946 19392 98852 37176 99283 35801 56667 27986 48122 69547 3061 59761 91853 13840 82376 14028 94099 61796 53180 26005 25560 19715 49456 89777 85296 60795 11643 56958 70517 26602 18649 48629 20545 35588 67049 96266 
153 124
81942 67420 73605 42747 69325 2795 23461 23789 17428 83074 72042 31296 43976 29110 35907 61998 92772 45422 95680 69907 69612 71010 68936 16810 63471 21348 58936 74538 97293 85557 24082 65000 50155 12326 98906 37037 63567 82025 99514 83165 60313 31833 50731 54575 8019 65173 94005 89653 87795 87884 64357 42672 38997 82909 25204 67895 85924 92921 4687 88664 55867 55539 95434 25536 60065 30433 60192 17916 74915 91739 34468 23857 25701 66691 33827 5630 72235 20643 55589 5841 43648 58134 76992 70985 25545 57210 96191 19820 35461 73898 19406 62536 31629 31613 48237 95253 76540 81340 61210 38162 45553 93447 60136 6603 48289 39365 74665 41302 98993 73312 60896 5567 38527 42473 40754 88754 35956 86230 22851 70138 31103 58395 83707 62092 
541 343
41681 23747 86243 77717 19910 94955 47116 82658 53936 14142 67580 83791 46281 39892 84120 72338 64202 74687 24554 88049 14308 44404 54504 81305 12585 56509 28791 6634 84395 30199 34240 89682 4638 41767 86098 79269 71775 65329 77091 43586 47383 25732 76631 51021 9016 86958 74980 65837 28681 52841 44588 39140 346 59079 37514 24247 3417 59878 10896 49051 57120 97247 65596 28494 55323 60127 42611 32944 91905 39738 83012 81847 42792 95285 76493 16420 68680 6647 23713 77334 69789 1160 2551 35863 67654 54035 93668 58479 34367 32212 39415 59191 58748 98229 62786 70150 50983 44684 75163 86733 31344 67600 91259 32932 53341 1096 33360 53330 44288 33299 73594 17377 3889 89821 31884 91123 97384 78011 54353 28916 12923 8012 12525 90020 49716 50713 38234 87651 41013 77964 17976 52191 10727 24918 90697 69077 45680 56696 54643 77622 90725 78140 25793 2308 78383 54272 81253 33832 1276 82289 13918 63845 63394 69594 61146 55783 26660 16188 39087 55931 70184 22717 45870 73376 96937 23618 66803 10565 49539 63738 68881 38245 75469 28856 78909 16708 90654 83091 70848 59166 14671 99993 36754 45043 80177 42126 22669 38718 97597 93834 14568 75563 38876 87659 61138 60347 22767 65006 85752 72254 60293 43828 79458 3755 67424 76892 55461 50287 77151 72496 6146 34089 19003 75825 39842 59906 16680 57066 95975 88902 8430 11286 83183 25220 16115 32474 6906 74549 58953 15149 46767 48413 76902 69693 68069 32384 27056 20785 13600 99491 50448 76512 11104 49709 6036 76801 17561 7250 25265 52321 59795 92955 76544 89107 85964 92781 2752 99971 45399 83249 16324 32536 31760 17528 73317 92722 12442 27692 97860 61669 53385 21026 52333 41043 87258 79529 97246 91434 15353 81137 3063 7412 7264 71518 10591 60650 78456 49211 69073 32652 29368 7218 21406 7660 4260 19106 81919 90084 95066 68414 79107 38635 40206 64668 87626 65010 94973 7258 46688 95557 78199 57005 80973 79020 47289 39418 20249 40779 97855 94598 82871 69780 28866 14326 9046 73946 73007 41058 67992 59954 43399 43203 29324 95352 62538 95074 50782 32148 78614 53040 88683 73520 1130 
219 683
24788 65039 67 14155 95752 95788 70166 58568 85068 3378 69729 53696 78368 98466 64117 52623 17807 58818 30238 41642 29279 41231 66026 72499 46669 17769 10634 40009 49253 19002 55476 75485 28865 78148 61587 34611 79915 64819 26705 21958 97744 5947 4960 25440 80658 39642 65266 17987 77519 68125 79689 75947 50365 6548 79304 37449 63701 56530 53645 45271 24274 96553 12513 54571 28427 47837 51792 37003 26648 43707 51311 43987 63550 57241 18171 58782 42070 15603 88589 69871 16656 12779 49799 3074 13510 6784 31284 48253 52695 85120 86055 89769 37178 22600 51749 40409 69802 75268 98486 87553 18740 11441 1182 62530 53130 49891 14550 66707 23336 70168 96638 68980 46037 24511 44516 12505 34337 28521 56123 87630 48811 48459 91808 60207 59529 3446 71744 68854 45125 20519 52978 17578 92028 22222 18295 36820 4025 13678 56464 37993 7083 97135 87862 45328 6812 4928 99979 78965 85134 68449 20738 70141 29986 60453 74711 1568 98072 57829 35275 60151 81936 88989 27068 96691 14939 75134 27765 13076 91131 48599 67160 57910 10717 67226 28836 28683 19218 36159 4932 49019 95691 67262 8191 74557 23977 36770 41802 87189 49795 17285 1867 36148 26135 61829 14251 8109 24737 8968 5312 29906 76645 86763 23739 58752 4571 23725 79639 42601 10057 44099 90161 87516 2493 39673 405 13859 38795 36181 35878 11612 20983 13584 99841 18238 59697 48205 25836 36580 78714 34987 9784 64000 94319 63988 76078 73394 65881 92693 89244 93954 83090 60359 11532 81926 23902 20316 29335 28626 11960 12148 19490 42390 48567 17015 99128 66942 84797 33810 1601 83848 75054 68870 51315 75068 4763 72589 59387 27226 18010 37275 44402 47016 24638 54553 96315 93305 39139 36365 1119 52346 84831 78438 6532 47836 67955 64751 36173 33031 69582 43471 38315 12988 89954 62918 29339 58678 52436 79772 26687 1459 85338 40676 94158 25941 6135 92902 10066 79790 10208 71326 20351 80825 69124 66335 42909 16184 99867 98276 68065 4595 66849 22981 16654 440 72224 57548 99157 9355 75776 88363 25899 92682 62478 11788 63035 22936 14309 75949 69724 5512 57324 45863 94349 81737 4089 58963 39746 16541 94826 4142 10108 90874 59139 43209 58243 95167 86731 21961 42132 82055 63043 82522 13750 82556 70507 25618 17998 14719 58336 23814 34685 3797 25765 91556 5782 91347 11662 1661 39587 26203 63891 71457 68568 89297 83988 91990 25167 28351 26941 19065 83976 32155 12347 48474 18612 88537 30182 42586 91316 19403 60054 4032 78484 74531 54775 8973 56115 26047 64607 55477 58722 18250 79209 10044 41352 99256 92401 51386 35670 26228 17530 20642 14042 6267 58956 57972 47104 29977 34661 65685 76748 14366 13617 63052 31038 16613 66179 60425 97916 76841 72958 41240 98496 34746 2229 70267 89334 28625 10631 40899 92501 92163 8531 67505 93610 38875 22710 97970 61116 42887 49309 24197 43981 76418 71934 88938 36404 56413 87644 72600 84606 83174 38343 64477 42069 35407 82011 11937 94878 56320 6528 81154 32441 91697 83857 28899 22661 38462 52551 41541 19495 74250 40562 39627 36769 37269 72284 57609 29652 36821 34224 98309 92940 76316 47092 54166 72664 4820 77893 3482 26362 57615 5284 18150 71252 43122 7561 23702 52021 96112 90208 89809 99908 91977 47730 43058 33620 91859 28940 41320 62866 39411 72924 36642 26226 90948 37540 37700 65647 85022 40848 10821 99628 85535 57909 44670 16843 76838 95672 87084 83601 78044 47550 4211 93780 83832 43284 86489 90092 71222 75826 56118 24591 82570 35549 30946 12640 83885 3128 14453 9314 65814 39439 67575 60968 13395 82374 803 84692 45059 52844 18261 53132 37177 35687 15442 50620 14535 96292 74327 12706 91863 44024 30607 60761 31583 63616 45988 79039 6042 83998 15987 63658 62287 43926 22674 32557 61324 2850 28365 99492 50813 36496 75869 57428 27085 12380 19315 58505 32565 31178 88103 12391 6234 35991 87927 31907 39107 72203 36039 89636 81821 11625 60670 20144 31226 99495 71877 78153 74278 97862 97517 74039 93971 68607 14310 48791 38966 2621 18838 74460 55569 68642 82200 29308 71632 49556 24046 7774 47386 79680 99530 79815 75128 51807 96556 94572 70703 42991 37842 3209 25492 58112 54181 6699 56154 22565 94156 32751 37971 86440 70903 31971 
201 657
98313 17082 99781 99652 15720 12392 85007 78398 36237 23080 28491 89195 4068 99650 64698 45124 19990 19867 84468 33464 59263 21127 56238 73151 53266 68900 68009 96092 91341 65950 93739 72250 14973 8622 70937 82261 38949 5279 89017 87376 492 44375 85176 70500 41514 31908 26949 48174 37036 82350 51969 69503 31625 54427 34733 7870 78662 35478 90562 53667 92240 96079 69060 82275 61713 96326 57029 54887 83446 92748 78946 72488 29185 65783 99035 93931 64953 60569 27679 14334 27866 92688 6967 86682 82678 83588 39882 54599 37898 76153 76065 81127 18494 68999 40732 80505 40313 96370 29227 83536 82651 66592 47652 90696 74052 50262 88648 33999 65815 99563 85364 19138 51165 18972 71679 74193 81487 93184 81375 56607 53783 7183 33168 98434 94167 94656 61076 38268 45444 77421 55293 47473 14415 50856 99517 10879 1003 38345 16703 56136 76448 40260 79305 16509 75067 5139 63312 48476 96076 39287 16892 95249 51966 32934 32748 42541 11922 27503 64717 53059 62721 37307 99695 58585 69522 8906 73314 11577 43065 16500 87102 29952 89254 69886 64055 55253 47310 33882 11478 63864 41625 56521 78422 73890 36671 32079 48451 29077 60643 74 76197 50797 93716 39851 76283 13295 67665 16731 99981 53544 78241 3370 96210 91290 22615 83426 24495 12436 90897 69365 4762 61260 31006 27416 97886 29430 65554 45928 77262 95655 58622 66193 25878 71683 52099 43481 31615 86124 34389 466 71011 12154 74911 52104 98610 57580 50708 31464 22683 8250 18929 99732 47684 37372 67714 92865 33490 6533 24727 93748 74081 61612 52079 1892 66514 9097 46893 27714 38445 36071 98409 41086 17707 57743 30088 87319 77196 57962 93428 90310 89797 51971 26307 83461 28354 40716 72746 94563 15185 92695 60762 87491 26904 75011 69647 99869 85681 1784 17387 78103 37114 17723 94916 75342 19330 61356 82882 70048 45689 34302 69468 34863 3632 61555 84992 62450 51743 85352 9605 12722 32759 92359 84382 4648 2207 30242 11005 4230 2093 44599 83626 90472 77060 60579 19790 50690 58406 8140 78321 84364 39516 16273 20376 6193 6419 42012 8567 72228 69131 80332 96505 1536 44682 7497 95970 10684 11867 21831 15243 52718 97187 13800 48348 72019 17483 97133 51996 88616 21844 67880 57906 91433 64012 59395 17674 73328 28016 70546 41730 16079 27193 71726 44264 24276 71340 28085 26164 94724 82142 4259 18119 13641 37883 30683 36278 92723 39610 51999 99669 15050 41028 80680 75674 28758 31816 58862 56239 10544 57447 9653 67384 36838 9160 7099 62270 70981 99341 50016 60618 99581 74909 59481 1896 29407 79984 87344 29124 26355 52943 91156 67151 29453 93215 35052 87448 26336 43611 29853 91735 93069 70345 43818 52552 13520 49955 8951 72710 43120 10449 93422 70360 25462 39416 30961 82087 12338 91793 60683 56090 25725 76535 73864 47719 75338 75633 41776 16704 98094 33808 25969 95295 30492 20486 12031 63745 77187 35139 31462 59707 49807 42389 85992 64148 57654 14369 69623 63153 59577 36947 85899 33234 3996 15384 42729 40544 88713 28386 22441 35039 6266 94244 69905 6279 61120 1037 98385 39966 14419 89225 78871 30477 52777 3086 67111 80479 92241 17555 87476 92441 50367 27 73756 67308 60091 6922 6745 95567 35921 79512 64395 45451 98895 55636 80182 76805 71717 31547 70210 82647 5447 74483 44152 96325 14242 55082 35368 15969 98281 3147 77713 99847 13047 90543 68184 64976 53817 25252 97976 8364 8623 72380 82975 79507 79052 72706 51205 81178 34618 32318 62627 56223 27338 63605 92626 70813 69738 95811 86945 49236 92574 71262 18209 88794 10859 3008 46440 74590 17612 29374 10407 75896 4691 8741 64867 87973 53124 85270 5575 90156 23269 28874 91075 35864 89401 43224 24785 51029 82043 59570 47164 68850 537 65204 48064 32125 98739 39875 5955 73659 72266 47606 80712 53755 501 51884 12177 2965 20424 42359 1976 1559 403 89884 82971 70962 12859 18433 89946 72130 39246 23519 81273 31530 20636 6599 91874 62484 58313 30322 23966 64700 52964 49288 38327 55423 95024 28175 50857 19823 86738 55991 47625 30894 31941 93256 90907 33872 
127 159
12558 31014 2689 70028 77496 64358 22150 91765 79279 59523 68481 64294 94962 46453 22991 37644 8588 68877 74849 66788 23978 91455 57398 35244 24278 15760 59081 26769 55391 4153 87635 96219 2696 44471 78001 84053 67429 88266 72165 46627 84728 526 37605 16266 89084 59896 19709 18976 61415 43812 20701 87987 2286 32286 17651 12104 88751 48953 43933 86775 5569 25641 30136 74049 57721 57174 95687 77426 35806 36695 65688 39690 15040 30355 32205 67221 88430 26328 13681 23855 84019 99219 87820 83532 46709 43662 48383 19691 9075 87014 51460 4890 29470 87753 50538 28323 57417 54155 26343 9102 3290 35595 24177 18423 77077 55854 59389 32030 42336 52968 97215 90044 73486 32521 30591 14794 97415 56487 87293 4516 301 54498 70611 43835 24364 28931 29480 45034 17246 63291 5963 28015 81732 15975 53453 61459 51446 70799 36412 86514 23775 38766 17350 91854 80727 55052 58438 9588 98764 86515 44837 810 36983 58952 54581 39232 94682 644 63962 
732 409
22634 22430 46096 30624 81130 72240 34151 3997 20410 87292 87200 3952 72263 84581 10720 3579 32825 81045 51192 57618 41424 41269 40611 43572 23919 11142 52168 82518 62117 21603 93502 60334 9456 32113 24308 75673 77053 55068 34707 33308 9418 23914 9211 18445 10948 29927 2640 83235 22431 85462 32723 96644 88763 82914 82256 13233 6092 4150 35837 54046 74230 29758 21445 68363 44088 53413 22787 57953 15765 54487 47340 30538 28817 57819 34291 55597 96658 22692 20122 96400 73093 97576 17848 31001 33929 35228 65358 44269 77361 71020 23122 56358 42549 52806 39462 80581 63556 82279 11093 6696 63063 31998 8708 8972 15147 21408 12836 8666 28104 20597 70756 51324 1768 48305 90019 79599 6735 78073 47388 2907 83595 47110 89749 83339 82328 70370 82032 54782 24404 7205 76463 9657 24191 6913 48719 36353 10 1949 62645 52517 51043 19170 78888 53075 91297 10305 76466 88346 89840 77200 68371 5369 15446 66406 89308 74045 98651 72487 32627 28254 48447 515 37532 27980 36349 25173 68651 91495 48831 66916 6487 36289 84359 4435 48976 99972 59970 80140 41069 73523 9176 66694 57419 95375 94150 22803 73573 15082 32020 62267 13191 78621 27937 60520 64737 38406 30257 86503 23425 90978 23164 13911 38226 15739 84300 30251 89361 65337 23090 9396 12759 76998 81221 94802 94238 85576 41805 96655 23092 84933 5125 72257 22020 43153 23088 12826 56909 20595 92197 27291 72286 25325 20380 8260 65371 34069 55525 66133 10698 85943 14808 44359 59833 2966 21623 21295 78116 90853 87129 52144 57217 3989 97078 79727 14829 90807 79579 63979 41659 11976 78218 12133 49623 18811 82052 98542 1552 97943 80837 36007 83807 68873 6144 71293 97866 61137 34314 4066 39145 82968 66759 79601 66703 68608 49949 48338 85629 53634 64121 39772 97150 97471 22580 49330 41067 66348 91180 35318 60214 60186 59015 1964 97375 1062 65584 39075 94261 49001 29785 70855 53897 40884 58447 1502 48123 66245 46038 96420 81543 68529 599 69446 46071 82351 53860 43099 75360 21789 34610 80628 22998 64688 53730 62432 17748 35431 30057 94807 47451 61016 97466 95189 22105 8815 3542 50363 51979 9282 46666 76717 68569 91916 70610 29658 35490 10137 32696 792 38126 35180 1594 42755 30983 38355 11263 76683 62442 25368 49445 22923 12162 2161 9795 31325 63847 16994 14378 76939 99736 76780 27006 66674 95359 78128 38050 79207 72423 89202 20801 74791 71079 9701 9240 328 56734 40559 43176 7052 72904 11745 2468 23679 76377 49121 86982 89114 43843 69041 90060 
210 336
72048 39042 98657 44476 57512 31084 5738 38698 92636 58120 83578 79331 57296 9034 749 75684 58626 72148 85663 35786 85738 79406 42411 42403 25598 27254 12026 64493 43451 1185 58014 19161 72890 14553 25860 90503 66185 81532 53303 76710 51248 59652 52433 92853 50191 75995 89447 61144 11089 50632 97817 32426 20041 16681 79974 67899 10154 99757 20730 9445 10836 10027 69971 28747 50788 94340 97688 63477 85520 67888 29571 91568 85413 41330 31643 19902 17265 88572 98419 10855 94352 31155 81435 65714 16421 68516 67071 80175 72021 61538 91086 73126 55665 744 121 77067 74776 30524 27501 81913 53155 44873 25887 23213 15527 8217 4894 54140 22463 84378 6643 69819 21217 10973 22064 31890 11634 6290 6094 60190 20446 67175 30945 93051 72035 38631 66931 46707 37845 78093 29049 9133 23873 97695 61011 20226 66157 23002 93457 75197 65519 49752 47067 29168 83485 52624 47094 27856 92815 99034 33571 6088 39858 10766 72647 82769 40806 78540 95518 88411 93986 21737 87111 85929 58530 48535 24776 92233 65616 48840 44523 80119 84867 21069 30654 95638 54079 99163 91363 488 61450 8172 84518 84503 65071 54268 93936 30858 90895 73469 82886 66997 7698 28143 13089 94120 51640 29633 25291 30430 42624 1699 20744 99265 34839 78913 7921 8402 28829 84903 23834 60823 80183 96774 69242 3013 54066 33540 62116 27554 14724 84767 36066 343 37363 4324 71680 66523 55699 38691 89346 84179 77389 62976 48805 89771 53327 54902 30606 9177 17220 72178 52479 13492 38190 24824 89961 18578 6257 4941 81548 86274 95581 11842 62155 55261 32777 93248 42137 56609 30742 93853 49035 2260 81102 34323 91630 36141 48047 3364 84060 68703 61610 18185 5883 37323 88283 43415 26647 98760 26419 18921 49057 99117 38785 44858 20807 63549 43492 27280 25663 97235 8561 93139 56812 55846 50251 94497 84861 86630 88968 17783 95381 53125 95900 24618 44139 8473 42937 1341 83374 55124 72103 61388 85847 62388 14332 17193 85182 11676 80017 8376 75928 24962 7632 30756 19570 98490 61518 52895 20923 93316 72298 80384 54770 62482 
431 96
18426 21297 19075 55445 77011 21499 23237 40723 31021 69485 70601 45917 34951 96954 28992 54005 95589 59992 47851 30469 18893 7502 32021 22890 96435 98710 73487 29528 12218 90678 15168 34921 29663 85834 3558 65575 57392 90534 81610 28800 62134 72262 19662 82226 67951 73174 60992 13960 29290 34907 94081 40295 39178 2858 30973 2588 98972 95143 89330 40083 76058 22893 3999 68770 28068 16169 92226 2244 85919 84077 33304 69665 24182 50747 55982 84326 45169 62689 46090 8378 19487 47122 5598 40195 7263 8192 42621 62081 13851 8962 4830 40750 80882 77572 79805 37863 
